-2.31 1.53 8.47 -5.98 -9.11 5.33 -8.57 5.06 2.47
67.87 0.00 0.00 0.00 67.87 0.00 0.00 0.00 67.87
90.13 95.67 98.24 2.33 3.55 6.77 50.77 60.32 61.33
-54.67 -54.67 -54.67 -54.67 -54.67 -54.67 -54.67 -54.67 -54.67
-2.15 -1.82 -9.12 3.75 7.24 -8.14 7.69 -3.55 -1.12
-5.19 9.07 -4.56 -1.42 -8.33 -2.45 1.82 7.58 3.12
9.38 4.35 2.87 -1.23 -4.56 -7.89 -7.23 5.43 -2.13
2.21 4.52 -9.75 7.32 -4.56 -1.23 -6.45 3.65 -8.14
0.99 -1.55 -5.46 -5.22 5.25 -5.38 -5.65 -5.88 -5.99
2.00 5.00 8.00 6.00 8.00 9.00 1.00 -1.00 2.00
3.65 8.76 -2.34 6.77 -4.56 2.22 -9.99 -1.23 5.43
-6.32 -8.76 1.24 8.65 -9.87 -4.21 -1.33 7.87 -2.56
3
