5.00 5.00 5.00 5.00 5.00 5.00 5.00 5.00 5.00
100.00 0.00 0.00 100.00 100.00 100.00 100.00 56.00 87.00
9.00 45.00 91.00 2.00 12.00 90.00 31.00 19.00 20.00
51.00 63.00 32.00 38.00 21.00 63.00 84.00 62.00 50.00
9.00 21.00 54.00 55.00 27.00 23.00 37.00 5.00 38.00
-5.60 5.80 87.87 2.30 2.40 55.54 -0.10 -3.00 90.27
-8.20 -9.30 4.21 -5.30 5.20 3.89 2.70 12.20 10.54
7.30 2.40 5.67 8.90 5.60 7.65 10.50 8.20 6.43
-10.15 -20.30 56.43 -15.10 -25.25 59.23 -19.95 -30.40 90.45
15.20 10.10 65.32 20.30 15.15 99.99 25.40 20.00 12.32
2.50 -2.40 7.87 -3.90 -3.30 89.65 -1.60 0.70 2.34
-5.00 -5.00 6.00 -5.00 5.00 5.00 5.00 5.00 5.00
2
